[ 0.31383348 -0.19419336 -3.3183913  -3.7964826  -2.6700735  -2.9740446
 -0.70493895  0.9585264  -2.6359835  -0.30063486 -0.8465991  -3.229548
 -1.1219859  -2.269664   -0.61279386 -3.0950942  -2.0326731  -1.4281249
  3.7534149  -3.5165303  -2.66116    -1.877547   -0.7542545  -0.27257812
 -1.6115702  -2.7659445  -3.719257   -1.6125317  -1.8948189  -3.726532
 -1.034581   -0.18148637  0.7037709  -3.992955    1.9806943  -2.8173838
 -0.77796555 -2.159813   -3.1156824  -2.8139987  -4.1070037  -2.2797995
 -3.3840528  -2.8301468  -2.3564405  -2.193763   -1.5126784  -0.4183979
 -3.0049024   0.28625536  6.057317   -1.4428303  -2.2342222  -1.8429078
 -2.0636404  -3.482101   -0.6709313  -2.101461   -0.7080866  -0.6227473
 -1.7235307  -2.8415713  -1.0033234  -0.30186772  0.3063624  -2.0275867
 -0.23229778 -1.2130224  -0.26985204 -1.5960786  -1.6766555  -0.37430477
 -1.2929922  -1.9367228  -1.010059   -3.5473359   2.5457122  -0.20990276
 -1.5316123  -0.77288526 -1.9754946  -2.099895    1.2610517   1.5826497
 -3.507253   -2.4430046  -3.5025187  -0.90865743  1.095135   -1.6901678
 -0.8851414  -2.421174   -2.720458   -5.151861   -1.8567889  -1.8295372
 -2.1529255  -1.5498556   0.07389808 -1.3757049  -1.060376    2.6113398
  1.209497   -3.2168493  -1.6166259  -0.9119484   2.9634926  -0.76260287
 -2.8701892  -2.3593554  -3.0090096  -1.6521014  -0.10711503  2.6283128
 -1.8283339  -0.7851288  -2.857751   -3.2691274  -1.1255522   0.8097265
  0.37109876 -2.5763035  -2.3625443  -1.7660632  -3.0467653  -1.7348332
 -2.6595807  -1.0519917  -2.4732318   1.6473141  -0.09953129 -4.3543215
 -2.0546901  -1.6070266  -0.6156188  -1.5414575  -1.0852365  -2.7713041
 -0.10076582 -1.8857329  -3.0513706  -3.6874757  -1.4093206  -1.4705392
 -3.4494643  -0.5271087   1.6512642  -0.30035114 -3.0323124  -2.1392722
 -0.5009861  -2.526647    0.37875473 -3.2794485  -1.3069968  -2.1815786
  0.19157541 -2.2326026  -0.5363215  -1.9747874   1.3736858  -0.78996325
 -2.5345619  -3.6539464  -2.9092205   1.6446209  -1.8743529  -1.7909225
 -3.6799443   0.97627664 -3.6419537  -0.90833    -1.1018391  -4.38023
 -3.427085   -2.7569911   3.1250718  -1.1922969   0.1596191  -2.2522888
 -2.8648152   0.03367746 -2.027893   -1.6679955  -4.162936    0.08863628
  4.6072493  -4.9644866   0.38344657  0.9665868  -3.0956955  -1.6582347
 -4.1476007  -0.37987256 -1.8839176  -3.4922934  -3.3472657   1.8369129
 -1.5044906  -4.1045704  -4.4819694  -2.8246179  -0.06365728 -0.98027205
  0.40519738 -6.242466   -2.6921883  -2.6848068  -1.232825   -2.9932075
 -4.458946   -1.9906948  -1.6735418  -3.3341775  -2.8161163  -1.4810075
 -1.0194874  -0.40310657 -0.07794178  0.7136328  -2.8616047  -1.3030332
 -0.986833   -1.8796885  -3.8674223  -2.1608853  -2.898331   -0.47835302
 -0.04958904 -2.9159172  -2.2966433  -0.12460852 -1.1074814  -2.61289
 -0.4592924   1.1309288   0.15294921 -0.3435297   1.4500213  -0.5526909
  0.24389577 -3.9357688  -3.3430052  -0.7495483  -0.17289782 -3.8226638
 -1.7868233  -1.151038   -0.08540165 -5.6425962  -1.4843961  -0.6584037
 -0.97965676 -0.09371459 -2.393529    0.31724846  0.5345633   1.8705299
 -2.447387   -0.47244954  0.8182664  -2.9869766  -3.9482071  -2.6563897
 -4.2479777  -3.487764    5.7198257   0.01426005  5.892766    7.7671146
 -3.2082362   0.10550666 -1.5066268   0.24249756 -0.06969678 -1.3016466
 -1.125701   -1.069442    0.66316533 -1.7740452  -1.6261228   1.0852621
 -1.6337647  -2.3960843  -0.98810416 -4.3691444   1.8326426  -4.124692
 -0.52828753  2.7310278  -0.06447935 -1.6782532  -2.7240655  -3.7697258
 -1.3706907  -1.2875919  -2.9675903  -2.3472724  -1.4675596  -2.3092413
 -1.9223251  -2.5314367  -3.0367823  -0.17222798 -2.614666   -1.1020708
 -2.4105682  -2.661861   -2.57203     2.240595   -1.4957763  -2.110557
 -2.6276808  -2.107193   -2.1463583  -1.6224593  -0.9570484  -1.5012561 ]
